+--+-------+---+----+----+---+--+---+-+-+-+-+---+----+
| 1|Petya  |100| 200|5000|500| 0|  0|0|0|0|0|  0|5850|
+--+-------+---+----+----+---+--+---+-+-+-+-+---+----+
| 2|Vasya  |  0|2500|   0|  0| 0|  0|0|0|0|0|  0|2475|
+--+-------+---+----+----+---+--+---+-+-+-+-+---+----+
| 3|Irina  |  0|   0|   0|  0| 0|  0|0|0|0|0|300| 350|
+--+-------+---+----+----+---+--+---+-+-+-+-+---+----+
| 4|Misha  |  0|   0|   0|  0| 0|200|0|0|0|0|  0| 200|
+--+-------+---+----+----+---+--+---+-+-+-+-+---+----+
| 5|Alex   |  0|   0|   0|  0| 0|  0|0|0|0|0|  0|   0|
+--+-------+---+----+----+---+--+---+-+-+-+-+---+----+
| 6|Denis  |  0|   0|   0|  0| 0|  0|0|0|0|0|  0|   0|
+--+-------+---+----+----+---+--+---+-+-+-+-+---+----+
| 7|Ivan   |  0|   0|   0|  0| 0|  0|0|0|0|0|  0|   0|
+--+-------+---+----+----+---+--+---+-+-+-+-+---+----+
| 8|Kolya  | 10|   0|   0|  0|10|  0|0|0|0|0|  0|   0|
+--+-------+---+----+----+---+--+---+-+-+-+-+---+----+
| 9|Maskim |  0|   0|   0|  0| 0|  0|0|0|0|0|  0|   0|
+--+-------+---+----+----+---+--+---+-+-+-+-+---+----+
|10|Nastya |  0|   0|   0|  0| 0|  0|0|0|0|0|  0|   0|
+--+-------+---+----+----+---+--+---+-+-+-+-+---+----+
|11|Redis  |  0|   0|   0|  0| 0|  0|0|0|0|0|  0|   0|
+--+-------+---+----+----+---+--+---+-+-+-+-+---+----+